a969,a122,abortion
a969,a778,abortion
a969,a686,abortion
a969,a279,abortion
a969,a509,abortion
a969,a254,abortion
a969,a242,abortion
a969,a1013,abortion
a880,a647,abortion
a135,a243,abortion
a135,a1006,abortion
a135,a603,abortion
a835,a624,abortion
a835,a279,abortion
a618,a876,abortion
a618,a831,abortion
a618,a823,abortion
a365,a122,abortion
a365,a370,abortion
a365,a549,abortion
a365,a647,abortion
a365,a556,abortion
a365,a972,abortion
a365,a992,abortion
a365,a299,abortion
a365,a365,abortion
a365,a420,abortion
a365,a640,abortion
a799,a91,abortion
a1003,a122,abortion
a1003,a370,abortion
a65,a424,abortion
a231,a165,abortion
a852,a612,abortion
a852,a54,abortion
a852,a167,abortion
a549,a424,abortion
a549,a663,abortion
a549,a384,abortion
a549,a585,abortion
a549,a105,abortion
a549,a279,abortion
a549,a811,abortion
a549,a365,abortion
a843,a876,abortion
a843,a525,abortion
a843,a706,abortion
a86,a424,abortion
a371,a972,abortion
a980,a122,abortion
a525,a932,abortion
a632,a972,abortion
a632,a549,abortion
a105,a936,abortion
a105,a632,abortion
a105,a549,abortion
a105,a556,abortion
a105,a279,abortion
a105,a972,abortion
a105,a299,abortion
a105,a647,abortion
a254,a969,abortion
a254,a279,abortion
a254,a496,abortion
a254,a509,abortion
a254,a254,abortion
a47,a165,abortion
a47,a122,abortion
a47,a822,abortion
a47,a251,abortion
a1013,a758,abortion
a1013,a122,abortion
a1013,a370,abortion
a1013,a663,abortion
a1013,a384,abortion
a1013,a969,abortion
a1013,a251,abortion
a1013,a1013,abortion
a1013,a468,abortion
a1013,a279,abortion
a1013,a496,abortion
a1013,a778,abortion
a1013,a737,abortion
a1013,a790,abortion
a1013,a242,abortion
a279,a778,abortion
a279,a790,abortion
a279,a603,abortion
a279,a755,abortion
a279,a468,abortion
a279,a823,abortion
a279,a737,abortion
a279,a114,abortion
a279,a936,abortion
a279,a410,abortion
a279,a549,abortion
a279,a950,abortion
a279,a812,abortion
a279,a105,abortion
a279,a624,abortion
a279,a1013,abortion
a279,a758,abortion
a279,a370,abortion
a279,a242,abortion
a279,a509,abortion
a279,a647,abortion
a544,a751,abortion
a950,a737,abortion
a950,a279,abortion
a950,a631,abortion
a232,a420,abortion
a556,a105,abortion
a242,a254,abortion
a242,a279,abortion
a242,a969,abortion
a242,a122,abortion
a274,a495,abortion
a811,a424,abortion
a424,a424,abortion
a424,a549,abortion
a424,a647,abortion
a424,a279,abortion
a424,a370,abortion
a424,a972,abortion
a424,a624,abortion
a928,a167,abortion
a542,a811,abortion
a542,a663,abortion
a686,a969,abortion
a686,a97,abortion
a686,a663,abortion
a790,a122,abortion
a790,a663,abortion
a790,a778,abortion
a790,a279,abortion
a790,a496,abortion
a790,a254,abortion
a790,a1013,abortion
a426,a631,abortion
a600,a370,abortion
a809,a65,abortion
a725,a663,abortion
a755,a804,abortion
a992,a365,abortion
a992,a239,abortion
a570,a972,abortion
a812,a950,abortion
a812,a118,abortion
a961,a424,abortion
a24,a211,abortion
a24,a274,abortion
a624,a835,abortion
a624,a647,abortion
a243,a912,abortion
a243,a876,abortion
a243,a135,abortion
a555,a974,abortion
a555,a370,abortion
a555,a631,abortion
a972,a105,abortion
a972,a122,abortion
a972,a424,abortion
a972,a632,abortion
a972,a549,abortion
a972,a383,abortion
a972,a384,abortion
a972,a647,abortion
a972,a585,abortion
a972,a97,abortion
a972,a370,abortion
a972,a811,abortion
a972,a663,abortion
a972,a86,abortion
a972,a365,abortion
a663,a370,abortion
a663,a663,abortion
a663,a778,abortion
a663,a496,abortion
a663,a647,abortion
a663,a1013,abortion
a410,a631,abortion
a239,a97,abortion
a912,a876,abortion
a912,a243,abortion
a167,a54,abortion
a167,a928,abortion
a737,a758,abortion
a737,a542,abortion
a737,a855,abortion
a737,a778,abortion
a737,a647,abortion
a737,a1013,abortion
a211,a954,abortion
a236,a122,abortion
a114,a936,abortion
a114,a631,abortion
a574,a737,abortion
a902,a165,abortion
a974,a631,abortion
a383,a647,abortion
a94,a574,abortion
a420,a122,abortion
a420,a370,abortion
a420,a365,abortion
a420,a167,abortion
a804,a274,abortion
a509,a122,abortion
a509,a370,abortion
a509,a887,abortion
a509,a686,abortion
a509,a47,abortion
a509,a251,abortion
a509,a165,abortion
a509,a254,abortion
a509,a242,abortion
a509,a822,abortion
a251,a47,abortion
a251,a122,abortion
a251,a251,abortion
a813,a243,abortion
a813,a831,abortion
a54,a852,abortion
a640,a424,abortion
a758,a758,abortion
a758,a122,abortion
a758,a370,abortion
a758,a94,abortion
a758,a384,abortion
a758,a778,abortion
a758,a279,abortion
a758,a737,abortion
a758,a790,abortion
a758,a242,abortion
a758,a1013,abortion
a495,a274,abortion
a897,a279,abortion
a122,a122,abortion
a122,a663,abortion
a122,a778,abortion
a122,a790,abortion
a122,a980,abortion
a122,a468,abortion
a122,a969,abortion
a122,a279,abortion
a122,a94,abortion
a122,a1003,abortion
a122,a236,abortion
a122,a165,abortion
a122,a365,abortion
a122,a1013,abortion
a122,a758,abortion
a122,a370,abortion
a122,a47,abortion
a122,a496,abortion
a122,a509,abortion
a122,a251,abortion
a122,a242,abortion
a122,a574,abortion
a778,a758,abortion
a778,a122,abortion
a778,a370,abortion
a778,a468,abortion
a778,a969,abortion
a778,a279,abortion
a778,a778,abortion
a778,a737,abortion
a778,a790,abortion
a778,a725,abortion
a778,a1013,abortion
a751,a135,abortion
a496,a778,abortion
a496,a122,abortion
a496,a663,abortion
a370,a122,abortion
a370,a424,abortion
a370,a887,abortion
a370,a663,abortion
a370,a778,abortion
a370,a555,abortion
a370,a47,abortion
a370,a279,abortion
a370,a135,abortion
a370,a365,abortion
a370,a254,abortion
a603,a279,abortion
a603,a135,abortion
a603,a804,abortion
a603,a876,abortion
a468,a122,abortion
a468,a496,abortion
a468,a279,abortion
a936,a105,abortion
a936,a279,abortion
a936,a114,abortion
a936,a549,abortion
a831,a618,abortion
a299,a299,abortion
a299,a365,abortion
a299,a424,abortion
a165,a122,abortion
a165,a370,abortion
a165,a549,abortion
a165,a647,abortion
a165,a1003,abortion
a165,a231,abortion
a165,a509,abortion
a165,a165,abortion
a165,a822,abortion
a91,a706,abortion
a823,a618,abortion
a97,a279,abortion
a647,a105,abortion
a647,a423,abortion
a647,a424,abortion
a647,a663,abortion
a647,a383,abortion
a647,a97,abortion
a647,a279,abortion
a647,a47,abortion
a647,a556,abortion
a647,a86,abortion
a647,a624,abortion
a647,a165,abortion
a647,a972,abortion
a647,a737,abortion
a647,a365,abortion
a612,a852,abortion
a822,a165,abortion
a822,a122,abortion
a822,a509,abortion
a822,a549,abortion
a855,a737,abortion
a384,a758,abortion
a384,a549,abortion
a384,a972,abortion
a384,a1013,abortion
a876,a618,abortion
a876,a243,abortion
a876,a279,abortion
a876,a603,abortion
a433,a542,abortion
a1006,a274,abortion
a230,a343,evolution
a230,a70,evolution
a230,a406,evolution
a230,a823,evolution
a230,a256,evolution
a140,a274,evolution
a123,a120,evolution
a123,a617,evolution
a123,a2,evolution
a123,a123,evolution
a123,a573,evolution
a123,a899,evolution
a815,a4,evolution
a815,a406,evolution
a815,a274,evolution
a835,a950,evolution
a486,a909,evolution
a343,a823,evolution
a40,a420,evolution
a899,a980,evolution
a899,a617,evolution
a909,a241,evolution
a909,a864,evolution
a909,a555,evolution
a909,a486,evolution
a909,a319,evolution
a120,a617,evolution
a241,a909,evolution
a721,a6,evolution
a678,a995,evolution
a678,a274,evolution
a617,a120,evolution
a617,a617,evolution
a617,a123,evolution
a617,a899,evolution
a995,a815,evolution
a950,a145,evolution
a2,a123,evolution
a2,a617,evolution
a527,a823,evolution
a274,a406,evolution
a274,a678,evolution
a319,a909,evolution
a500,a370,evolution
a406,a950,evolution
a406,a343,evolution
a406,a4,evolution
a406,a823,evolution
a406,a815,evolution
a406,a770,evolution
a406,a256,evolution
a555,a909,evolution
a770,a406,evolution
a573,a122,evolution
a921,a835,evolution
a921,a437,evolution
a1031,a941,evolution
a4,a260,evolution
a4,a815,evolution
a461,a461,evolution
a461,a893,evolution
a893,a864,evolution
a420,a941,evolution
a420,a274,evolution
a420,a815,evolution
a57,a343,evolution
a1005,a909,evolution
a941,a70,evolution
a941,a420,evolution
a941,a241,evolution
a122,a721,evolution
a864,a256,evolution
a864,a909,evolution
a370,a835,evolution
a370,a256,evolution
a370,a57,evolution
a260,a274,evolution
a165,a617,evolution
a823,a921,evolution
a823,a343,evolution
a823,a230,evolution
a823,a406,evolution
a823,a823,evolution
a954,a555,evolution
a230,a855,gaymarriage
a185,a919,gaymarriage
a185,a624,gaymarriage
a185,a839,gaymarriage
a486,a108,gaymarriage
a486,a24,gaymarriage
a518,a538,gaymarriage
a518,a242,gaymarriage
a868,a444,gaymarriage
a868,a556,gaymarriage
a84,a185,gaymarriage
a84,a624,gaymarriage
a1003,a357,gaymarriage
a794,a122,gaymarriage
a794,a139,gaymarriage
a253,a384,gaymarriage
a253,a4,gaymarriage
a253,a755,gaymarriage
a253,a686,gaymarriage
a444,a617,gaymarriage
a444,a122,gaymarriage
a444,a239,gaymarriage
a444,a632,gaymarriage
a444,a549,gaymarriage
a444,a686,gaymarriage
a444,a556,gaymarriage
a444,a972,gaymarriage
a807,a122,gaymarriage
a807,a239,gaymarriage
a807,a279,gaymarriage
a807,a686,gaymarriage
a807,a855,gaymarriage
a549,a444,gaymarriage
a549,a122,gaymarriage
a549,a632,gaymarriage
a549,a807,gaymarriage
a549,a384,gaymarriage
a549,a4,gaymarriage
a549,a217,gaymarriage
a549,a346,gaymarriage
a549,a634,gaymarriage
a549,a686,gaymarriage
a549,a756,gaymarriage
a549,a855,gaymarriage
a549,a357,gaymarriage
a549,a574,gaymarriage
a316,a370,gaymarriage
a316,a4,gaymarriage
a316,a686,gaymarriage
a316,a105,gaymarriage
a316,a625,gaymarriage
a585,a686,gaymarriage
a346,a242,gaymarriage
a346,a279,gaymarriage
a346,a239,gaymarriage
a439,a122,gaymarriage
a439,a632,gaymarriage
a439,a105,gaymarriage
a439,a556,gaymarriage
a439,a736,gaymarriage
a678,a686,gaymarriage
a632,a122,gaymarriage
a632,a549,gaymarriage
a632,a556,gaymarriage
a632,a855,gaymarriage
a632,a439,gaymarriage
a105,a370,gaymarriage
a105,a739,gaymarriage
a105,a4,gaymarriage
a105,a625,gaymarriage
a105,a105,gaymarriage
a105,a108,gaymarriage
a105,a556,gaymarriage
a105,a316,gaymarriage
a105,a439,gaymarriage
a105,a242,gaymarriage
a538,a864,gaymarriage
a538,a686,gaymarriage
a512,a444,gaymarriage
a512,a686,gaymarriage
a617,a444,gaymarriage
a617,a384,gaymarriage
a279,a634,gaymarriage
a279,a807,gaymarriage
a279,a4,gaymarriage
a279,a346,gaymarriage
a279,a686,gaymarriage
a279,a242,gaymarriage
a139,a794,gaymarriage
a139,a122,gaymarriage
a139,a139,gaymarriage
a139,a686,gaymarriage
a232,a122,gaymarriage
a232,a667,gaymarriage
a232,a972,gaymarriage
a232,a686,gaymarriage
a232,a232,gaymarriage
a556,a122,gaymarriage
a556,a384,gaymarriage
a556,a972,gaymarriage
a556,a549,gaymarriage
a556,a868,gaymarriage
a556,a807,gaymarriage
a556,a808,gaymarriage
a556,a157,gaymarriage
a556,a686,gaymarriage
a556,a105,gaymarriage
a556,a556,gaymarriage
a556,a232,gaymarriage
a556,a632,gaymarriage
a556,a239,gaymarriage
a556,a439,gaymarriage
a556,a242,gaymarriage
a242,a518,gaymarriage
a242,a122,gaymarriage
a242,a239,gaymarriage
a242,a807,gaymarriage
a242,a384,gaymarriage
a242,a4,gaymarriage
a242,a556,gaymarriage
a242,a686,gaymarriage
a242,a105,gaymarriage
a242,a279,gaymarriage
a242,a439,gaymarriage
a242,a299,gaymarriage
a242,a328,gaymarriage
a667,a122,gaymarriage
a667,a686,gaymarriage
a710,a518,gaymarriage
a108,a24,gaymarriage
a108,a384,gaymarriage
a108,a4,gaymarriage
a108,a864,gaymarriage
a108,a686,gaymarriage
a108,a105,gaymarriage
a108,a108,gaymarriage
a108,a279,gaymarriage
a108,a756,gaymarriage
a108,a203,gaymarriage
a328,a384,gaymarriage
a328,a242,gaymarriage
a686,a444,gaymarriage
a686,a512,gaymarriage
a686,a384,gaymarriage
a686,a193,gaymarriage
a686,a328,gaymarriage
a686,a108,gaymarriage
a686,a972,gaymarriage
a686,a855,gaymarriage
a686,a857,gaymarriage
a686,a139,gaymarriage
a686,a538,gaymarriage
a686,a986,gaymarriage
a686,a667,gaymarriage
a686,a279,gaymarriage
a686,a4,gaymarriage
a686,a549,gaymarriage
a686,a739,gaymarriage
a686,a634,gaymarriage
a686,a625,gaymarriage
a686,a232,gaymarriage
a686,a755,gaymarriage
a686,a493,gaymarriage
a686,a950,gaymarriage
a686,a242,gaymarriage
a686,a556,gaymarriage
a686,a864,gaymarriage
a686,a316,gaymarriage
a686,a792,gaymarriage
a986,a108,gaymarriage
a357,a736,gaymarriage
a357,a549,gaymarriage
a755,a864,gaymarriage
a755,a686,gaymarriage
a756,a4,gaymarriage
a193,a105,gaymarriage
a193,a756,gaymarriage
a193,a686,gaymarriage
a24,a4,gaymarriage
a24,a376,gaymarriage
a24,a686,gaymarriage
a624,a84,gaymarriage
a624,a864,gaymarriage
a624,a706,gaymarriage
a624,a185,gaymarriage
a624,a958,gaymarriage
a624,a624,gaymarriage
a958,a185,gaymarriage
a958,a864,gaymarriage
a728,a444,gaymarriage
a728,a122,gaymarriage
a341,a549,gaymarriage
a972,a634,gaymarriage
a972,a239,gaymarriage
a972,a632,gaymarriage
a972,a549,gaymarriage
a972,a585,gaymarriage
a972,a728,gaymarriage
a972,a122,gaymarriage
a972,a686,gaymarriage
a972,a556,gaymarriage
a972,a855,gaymarriage
a972,a420,gaymarriage
a239,a444,gaymarriage
a239,a807,gaymarriage
a239,a346,gaymarriage
a239,a556,gaymarriage
a239,a972,gaymarriage
a239,a242,gaymarriage
a857,a686,gaymarriage
a912,a238,gaymarriage
a839,a919,gaymarriage
a839,a691,gaymarriage
a574,a105,gaymarriage
a574,a556,gaymarriage
a574,a549,gaymarriage
a4,a24,gaymarriage
a4,a384,gaymarriage
a4,a739,gaymarriage
a4,a686,gaymarriage
a4,a105,gaymarriage
a4,a279,gaymarriage
a4,a316,gaymarriage
a4,a253,gaymarriage
a4,a857,gaymarriage
a4,a756,gaymarriage
a300,a634,gaymarriage
a493,a634,gaymarriage
a919,a958,gaymarriage
a919,a185,gaymarriage
a919,a864,gaymarriage
a919,a706,gaymarriage
a919,a839,gaymarriage
a430,a420,gaymarriage
a115,a201,gaymarriage
a718,a242,gaymarriage
a739,a105,gaymarriage
a739,a193,gaymarriage
a739,a4,gaymarriage
a739,a316,gaymarriage
a625,a105,gaymarriage
a625,a686,gaymarriage
a420,a736,gaymarriage
a420,a634,gaymarriage
a298,a242,gaymarriage
a217,a493,gaymarriage
a122,a444,gaymarriage
a122,a122,gaymarriage
a122,a549,gaymarriage
a122,a807,gaymarriage
a122,a139,gaymarriage
a122,a667,gaymarriage
a122,a556,gaymarriage
a122,a686,gaymarriage
a122,a232,gaymarriage
a122,a439,gaymarriage
a122,a972,gaymarriage
a122,a242,gaymarriage
a864,a919,gaymarriage
a864,a755,gaymarriage
a864,a549,gaymarriage
a864,a686,gaymarriage
a864,a108,gaymarriage
a864,a881,gaymarriage
a864,a958,gaymarriage
a864,a624,gaymarriage
a864,a242,gaymarriage
a201,a238,gaymarriage
a370,a585,gaymarriage
a370,a686,gaymarriage
a881,a185,gaymarriage
a881,a864,gaymarriage
a299,a585,gaymarriage
a736,a634,gaymarriage
a736,a239,gaymarriage
a736,a238,gaymarriage
a736,a855,gaymarriage
a736,a357,gaymarriage
a736,a439,gaymarriage
a736,a736,gaymarriage
a736,a420,gaymarriage
a706,a919,gaymarriage
a954,a864,gaymarriage
a808,a512,gaymarriage
a634,a634,gaymarriage
a634,a239,gaymarriage
a634,a549,gaymarriage
a634,a420,gaymarriage
a634,a585,gaymarriage
a634,a346,gaymarriage
a634,a686,gaymarriage
a634,a279,gaymarriage
a634,a855,gaymarriage
a634,a736,gaymarriage
a647,a242,gaymarriage
a157,a556,gaymarriage
a203,a108,gaymarriage
a855,a634,gaymarriage
a855,a238,gaymarriage
a855,a549,gaymarriage
a855,a686,gaymarriage
a855,a230,gaymarriage
a855,a912,gaymarriage
a855,a972,gaymarriage
a855,a855,gaymarriage
a855,a736,gaymarriage
a384,a549,gaymarriage
a384,a4,gaymarriage
a384,a346,gaymarriage
a384,a556,gaymarriage
a384,a253,gaymarriage
a384,a242,gaymarriage
a384,a328,gaymarriage
a521,a919,gaymarriage
a376,a108,gaymarriage
a376,a24,gaymarriage
a615,a864,gaymarriage
a940,a276,guncontrol
a940,a940,guncontrol
a940,a1000,guncontrol
a835,a276,guncontrol
a684,a982,guncontrol
a684,a39,guncontrol
a684,a276,guncontrol
a359,a823,guncontrol
a765,a529,guncontrol
a31,a759,guncontrol
a31,a125,guncontrol
a118,a529,guncontrol
a118,a125,guncontrol
a982,a205,guncontrol
a982,a982,guncontrol
a982,a780,guncontrol
a982,a823,guncontrol
a982,a976,guncontrol
a105,a823,guncontrol
a105,a125,guncontrol
a780,a205,guncontrol
a780,a982,guncontrol
a780,a787,guncontrol
a780,a823,guncontrol
a279,a239,guncontrol
a935,a759,guncontrol
a763,a780,guncontrol
a787,a780,guncontrol
a291,a982,guncontrol
a125,a982,guncontrol
a125,a291,guncontrol
a125,a472,guncontrol
a125,a279,guncontrol
a125,a765,guncontrol
a125,a976,guncontrol
a125,a31,guncontrol
a125,a624,guncontrol
a125,a823,guncontrol
a1000,a940,guncontrol
a472,a291,guncontrol
a472,a976,guncontrol
a239,a808,guncontrol
a976,a982,guncontrol
a976,a472,guncontrol
a976,a823,guncontrol
a976,a125,guncontrol
a205,a982,guncontrol
a205,a205,guncontrol
a205,a763,guncontrol
a205,a780,guncontrol
a759,a39,guncontrol
a759,a125,guncontrol
a759,a982,guncontrol
a759,a780,guncontrol
a759,a31,guncontrol
a374,a359,guncontrol
a823,a359,guncontrol
a823,a125,guncontrol
a823,a982,guncontrol
a823,a684,guncontrol
a823,a780,guncontrol
a823,a105,guncontrol
a39,a759,guncontrol
a276,a39,guncontrol
